11000001110100001100110011011000100000000000000000
00100000011100000000100011110000010000000000000000
00000000000000010000000001101000101100000000000000
00000000000000010001000000100000011000000000000000
00000000001011000000001000000001101000000100000000
00000000000101000100010100000001100100011011000010
00000000000000000000010100011100010100011111000110
00000000000110100100000000000011010000000001101010
00100000000000011100000000000000101000000000111000
10010000000000001000001100000000000000000000001000
10000000000101101100101010000000000000000000000000
10110011100101101111101000000110000000000000000001
00110010100110010100001011000111010000001100000001
00011010000000000000010000000111010000001010001000
01011001100000000000111000100011001000000011000000
00010000110000111010001000000000011111100000100000
00010000011000110100000000100000000000010001101000
00100000001000000000110000100000000011000100001110
11010000010000110111111101000000000001010110010000
01111111100000110111000010000000000000110010110001
11011110111011110110100000000100000001010001000001
00000100001111111000000000001010001100100000000000
00000001001010000000000000001000001001000000000000
00000100100000000000000000000001001001101100000000
00000111000110011001000000000000100100001111011000
10000010110000110010110000000010100000001001111001
10000001110000100000100000000101010001110000000000
11000000100000000111000000000011000000110001100110
10000000000000000000000000000011010000000001100000
00000000000000000000000000000010110000010000000000
00000000000110010100000011110110110000001100000000
00000011110011100000000110000111000000001100000000
00110110000000000000000000010000000000000011100000
00110000100000001101000100011000000000000011100000
01000000000001100110100010100000000000000010100000
11000000001001000010010110100100100000000110000001
11000000011000000000110000010110000000001110100000
00000010011010000011010000100000000000110001000100
11001101101110011101000000000000001100110101000000
11001000000010111010000000011000000000010010000011
11001101000000100000000000000011001000011110000100
00000100100000000000000111000000100000000000001000
11000000110000011000000001000000111100000100001000
11000110001000011000000000000011001001110000000000
11000001110000011000000000000010010001011100000110
10000000011000001100000000000000110000010100000100
01000000011100001110000000000000000011000000001111
00010000011100010000000000000000000010000000001000
00001010110000000011000000000000000001101000001110
00001001101100001100100001111000000001100000000011
